                [38;2;37;15;10;48;2;75;28;18m▀▀                [0m
                [38;2;94;35;22;48;2;71;27;17m▀▀                [0m
             [38;2;14;6;5;48;2;19;8;6m▀[38;2;14;6;5;48;2;82;31;19m▀[38;2;15;7;5;48;2;236;108;65m▀[38;2;19;8;6;48;2;255;173;134m▀▀[38;2;15;7;5;48;2;236;108;65m▀[38;2;14;6;5;48;2;82;31;19m▀[38;2;14;6;5;48;2;19;8;6m▀             [0m
           [38;2;14;6;5;48;2;19;8;6m▀[38;2;27;11;8;48;2;236;108;65m▀[38;2;236;108;65;48;2;255;180;143m▀[38;2;255;227;208;48;2;55;21;13m▀[38;2;232;106;64;48;2;16;7;5m▀[38;2;127;52;32;48;2;14;6;5m▀▀[38;2;232;106;64;48;2;16;7;5m▀[38;2;255;227;208;48;2;55;21;13m▀[38;2;236;108;65;48;2;255;180;143m▀[38;2;27;11;8;48;2;236;108;65m▀[38;2;14;6;5;48;2;19;8;6m▀           [0m
       [38;2;14;6;5;48;2;25;10;7m▀[38;2;14;6;5;48;2;57;22;14m▀[38;2;24;10;7;48;2;103;40;24m▀[38;2;49;19;12;48;2;164;71;45m▀[38;2;82;31;19;48;2;236;108;65m▀[38;2;255;227;208;48;2;232;106;64m▀[38;2;55;21;13;48;2;16;7;5m▀      [38;2;55;21;13;48;2;16;7;5m▀[38;2;255;227;208;48;2;232;106;64m▀[38;2;94;35;22;48;2;255;122;74m▀[38;2;58;22;14;48;2;201;90;56m▀[38;2;28;11;8;48;2;133;55;34m▀[38;2;14;6;5;48;2;73;27;17m▀[38;2;14;6;5;48;2;29;12;8m▀       [0m
      [38;2;21;9;7;48;2;50;19;13m▀[38;2;55;21;13;48;2;96;36;22m▀[38;2;106;41;25;48;2;135;56;35m▀[38;2;177;77;49;48;2;177;77;49m▀[38;2;244;112;67;48;2;244;112;67m▀[38;2;255;173;134;48;2;255;173;134m▀[38;2;127;52;32;48;2;212;95;59m▀[38;2;14;6;5;48;2;219;99;61m▀[38;2;14;6;5;48;2;225;102;62m▀[38;2;14;6;5;48;2;229;104;63m▀[38;2;14;6;5;48;2;232;106;64m▀[38;2;14;6;5;48;2;236;108;65m▀[38;2;14;6;5;48;2;239;109;66m▀[38;2;14;6;5;48;2;241;111;66m▀[38;2;14;6;5;48;2;242;111;67m▀[38;2;127;52;32;48;2;240;110;66m▀[38;2;255;219;197;48;2;255;219;197m▀[38;2;255;152;109;48;2;255;152;109m▀[38;2;219;99;61;48;2;219;99;61m▀[38;2;142;59;37;48;2;181;79;50m▀[38;2;71;27;17;48;2;133;55;34m▀[38;2;25;10;7;48;2;67;25;16m▀      [0m
      [38;2;63;24;15;48;2;14;6;5m▀[38;2;126;52;32;48;2;14;6;5m▀[38;2;178;78;49;48;2;14;6;5m▀[38;2;211;95;59;48;2;24;10;7m▀[38;2;235;108;65;48;2;49;19;12m▀[38;2;253;117;70;48;2;82;31;19m▀[38;2;255;128;82;48;2;255;227;208m▀[38;2;255;136;92;48;2;55;21;13m▀[38;2;255;143;99;48;2;14;6;5m▀[38;2;255;147;104;48;2;14;6;5m▀[38;2;255;151;109;48;2;14;6;5m▀[38;2;255;155;113;48;2;14;6;5m▀[38;2;255;158;117;48;2;14;6;5m▀[38;2;255;161;121;48;2;14;6;5m▀[38;2;255;162;122;48;2;55;21;13m▀[38;2;255;160;120;48;2;255;227;208m▀[38;2;255;154;113;48;2;94;35;22m▀[38;2;255;143;99;48;2;58;22;14m▀[38;2;255;124;77;48;2;28;11;8m▀[38;2;227;104;63;48;2;14;6;5m▀[38;2;176;77;49;48;2;14;6;5m▀[38;2;85;32;20;48;2;14;6;5m▀      [0m
           [38;2;19;8;6;48;2;14;6;5m▀[38;2;236;108;65;48;2;27;11;8m▀[38;2;255;180;143;48;2;236;108;65m▀[38;2;55;21;13;48;2;255;227;208m▀[38;2;16;7;5;48;2;232;106;64m▀[38;2;14;6;5;48;2;127;52;32m▀▀[38;2;16;7;5;48;2;232;106;64m▀[38;2;55;21;13;48;2;255;227;208m▀[38;2;255;180;143;48;2;236;108;65m▀[38;2;236;108;65;48;2;27;11;8m▀[38;2;19;8;6;48;2;14;6;5m▀           [0m
             [38;2;19;8;6;48;2;14;6;5m▀[38;2;82;31;19;48;2;14;6;5m▀[38;2;236;108;65;48;2;15;7;5m▀[38;2;255;173;134;48;2;19;8;6m▀▀[38;2;236;108;65;48;2;15;7;5m▀[38;2;82;31;19;48;2;14;6;5m▀[38;2;19;8;6;48;2;14;6;5m▀             [0m
                [38;2;71;27;17;48;2;94;35;22m▀▀                [0m
                [38;2;75;28;18;48;2;37;15;10m▀▀                [0m