                                  [38;2;23;9;7;48;2;36;14;10m▀[38;2;30;12;8;48;2;60;23;15m▀▀[38;2;23;9;7;48;2;36;14;10m▀                                  [0m
                                  [38;2;42;16;11;48;2;38;15;10m▀[38;2;90;34;21;48;2;120;48;30m▀▀[38;2;42;16;11;48;2;38;15;10m▀                                  [0m
                                  [38;2;18;7;6;48;2;14;6;5m▀[38;2;150;64;40;48;2;178;78;49m▀▀[38;2;18;7;6;48;2;14;6;5m▀                                  [0m
                                   [38;2;198;88;55;48;2;212;96;59m▀▀                                   [0m
                             [38;2;14;6;5;48;2;16;7;5m▀[38;2;14;6;5;48;2;21;9;7m▀[38;2;15;6;5;48;2;35;14;9m▀[38;2;17;7;6;48;2;59;23;14m▀[38;2;20;8;6;48;2;89;33;21m▀[38;2;23;9;7;48;2;118;47;29m▀[38;2;219;99;61;48;2;212;95;59m▀▀[38;2;23;9;7;48;2;118;47;29m▀[38;2;20;8;6;48;2;89;33;21m▀[38;2;17;7;6;48;2;59;23;14m▀[38;2;15;6;5;48;2;35;14;9m▀[38;2;14;6;5;48;2;21;9;7m▀[38;2;14;6;5;48;2;16;7;5m▀                             [0m
                          [38;2;14;6;5;48;2;15;6;5m▀[38;2;15;6;5;48;2;25;10;7m▀[38;2;20;8;6;48;2;68;26;16m▀[38;2;40;15;10;48;2;173;76;48m▀[38;2;89;33;21;48;2;255;144;100m▀[38;2;173;76;48;48;2;255;211;186m▀[38;2;248;114;68;48;2;255;232;214m▀[38;2;255;160;119;48;2;255;220;197m▀[38;2;255;188;155;48;2;255;199;169m▀[38;2;255;201;171;48;2;255;185;150m▀▀[38;2;255;188;155;48;2;255;199;169m▀[38;2;255;160;119;48;2;255;220;197m▀[38;2;248;114;68;48;2;255;232;214m▀[38;2;173;76;48;48;2;255;211;186m▀[38;2;89;33;21;48;2;255;144;100m▀[38;2;40;15;10;48;2;173;76;48m▀[38;2;20;8;6;48;2;68;26;16m▀[38;2;15;6;5;48;2;25;10;7m▀[38;2;14;6;5;48;2;15;6;5m▀                          [0m
                        [38;2;14;6;5;48;2;15;6;5m▀[38;2;15;6;5;48;2;25;10;7m▀[38;2;28;11;8;48;2;89;33;21m▀[38;2;89;33;21;48;2;248;114;68m▀[38;2;229;104;63;48;2;255;220;198m▀[38;2;255;201;171;48;2;255;210;185m▀[38;2;255;231;212;48;2;250;116;69m▀[38;2;255;185;150;48;2;134;55;35m▀[38;2;250;116;69;48;2;64;24;15m▀[38;2;184;81;51;48;2;36;14;10m▀[38;2;134;55;35;48;2;26;10;7m▀[38;2;112;44;27;48;2;22;9;7m▀▀[38;2;134;55;35;48;2;26;10;7m▀[38;2;184;81;51;48;2;36;14;10m▀[38;2;250;116;69;48;2;64;24;15m▀[38;2;255;185;150;48;2;134;55;35m▀[38;2;255;231;212;48;2;250;116;69m▀[38;2;255;201;171;48;2;255;210;185m▀[38;2;229;104;63;48;2;255;220;198m▀[38;2;89;33;21;48;2;248;114;68m▀[38;2;28;11;8;48;2;89;33;21m▀[38;2;15;6;5;48;2;25;10;7m▀[38;2;14;6;5;48;2;15;6;5m▀                        [0m
                       [38;2;14;6;5;48;2;18;7;6m▀[38;2;20;8;6;48;2;40;15;10m▀[38;2;68;26;16;48;2;173;76;48m▀[38;2;229;104;63;48;2;255;201;171m▀[38;2;255;220;198;48;2;255;210;185m▀[38;2;255;199;169;48;2;206;92;57m▀[38;2;206;92;57;48;2;64;24;15m▀[38;2;77;29;18;48;2;22;9;7m▀[38;2;30;12;8;48;2;15;6;5m▀[38;2;18;7;6;48;2;14;6;5m▀[38;2;15;6;5;48;2;14;6;5m▀    [38;2;15;6;5;48;2;14;6;5m▀[38;2;18;7;6;48;2;14;6;5m▀[38;2;30;12;8;48;2;15;6;5m▀[38;2;77;29;18;48;2;22;9;7m▀[38;2;206;92;57;48;2;64;24;15m▀[38;2;255;199;169;48;2;206;92;57m▀[38;2;255;220;198;48;2;255;210;185m▀[38;2;229;104;63;48;2;255;201;171m▀[38;2;68;26;16;48;2;173;76;48m▀[38;2;20;8;6;48;2;40;15;10m▀[38;2;14;6;5;48;2;19;8;6m▀                       [0m
                 [38;2;14;6;5;48;2;19;8;6m▀[38;2;14;6;5;48;2;28;11;8m▀[38;2;16;7;5;48;2;41;16;11m▀[38;2;22;9;7;48;2;56;21;14m▀[38;2;32;13;9;48;2;73;28;17m▀[38;2;43;17;11;48;2;92;35;21m▀[38;2;56;21;14;48;2;113;45;28m▀[38;2;89;33;21;48;2;173;76;48m▀[38;2;255;144;100;48;2;255;211;186m▀[38;2;255;231;212;48;2;255;185;150m▀[38;2;250;116;69;48;2;134;55;35m▀[38;2;77;29;18;48;2;30;12;8m▀[38;2;22;9;7;48;2;15;6;5m▀[38;2;15;6;5;48;2;14;6;5m▀          [38;2;15;6;5;48;2;14;6;5m▀[38;2;22;9;7;48;2;15;6;5m▀[38;2;77;29;18;48;2;30;12;8m▀[38;2;250;116;69;48;2;134;55;35m▀[38;2;255;231;212;48;2;255;185;150m▀[38;2;255;144;100;48;2;255;211;186m▀[38;2;89;33;21;48;2;173;76;48m▀[38;2;66;25;16;48;2;139;58;36m▀[38;2;51;19;13;48;2;114;45;28m▀[38;2;37;14;10;48;2;90;34;21m▀[38;2;25;10;7;48;2;69;26;16m▀[38;2;16;7;5;48;2;50;19;12m▀[38;2;14;6;5;48;2;33;13;9m▀[38;2;14;6;5;48;2;20;8;6m▀                 [0m
              [38;2;14;6;5;48;2;19;8;6m▀[38;2;17;7;6;48;2;30;12;8m▀[38;2;26;11;8;48;2;46;18;12m▀[38;2;40;16;10;48;2;65;25;16m▀[38;2;57;22;14;48;2;87;33;20m▀[38;2;76;29;18;48;2;114;45;28m▀[38;2;98;37;23;48;2;144;60;38m▀[38;2;125;51;32;48;2;176;77;49m▀[38;2;152;65;41;48;2;205;92;57m▀[38;2;182;80;51;48;2;234;107;64m▀[38;2;248;114;68;48;2;255;160;119m▀[38;2;255;232;214;48;2;255;220;197m▀[38;2;250;116;69;48;2;184;81;51m▀[38;2;64;24;15;48;2;36;14;10m▀[38;2;18;7;6;48;2;15;6;5m▀              [38;2;18;7;6;48;2;15;6;5m▀[38;2;64;24;15;48;2;36;14;10m▀[38;2;250;116;69;48;2;184;81;51m▀[38;2;255;232;214;48;2;255;220;197m▀[38;2;248;114;68;48;2;255;164;124m▀[38;2;215;97;59;48;2;255;137;92m▀[38;2;189;84;53;48;2;246;113;68m▀[38;2;158;67;43;48;2;215;97;60m▀[38;2;126;51;32;48;2;185;82;52m▀[38;2;97;36;22;48;2;148;63;39m▀[38;2;72;27;17;48;2;114;45;28m▀[38;2;50;19;12;48;2;84;32;19m▀[38;2;31;12;9;48;2;58;22;14m▀[38;2;18;7;6;48;2;37;14;10m▀[38;2;14;6;5;48;2;21;8;6m▀              [0m
             [38;2;17;7;6;48;2;20;8;6m▀[38;2;28;11;8;48;2;33;13;9m▀[38;2;43;17;11;48;2;51;19;13m▀[38;2;63;24;15;48;2;72;27;17m▀[38;2;85;32;20;48;2;97;37;22m▀[38;2;113;45;28;48;2;128;52;33m▀[38;2;145;61;38;48;2;162;70;44m▀[38;2;180;79;50;48;2;197;87;55m▀[38;2;210;95;58;48;2;228;104;63m▀[38;2;241;111;66;48;2;255;123;76m▀[38;2;255;134;89;48;2;255;154;112m▀[38;2;255;188;155;48;2;255;201;171m▀[38;2;255;199;169;48;2;255;185;150m▀[38;2;134;55;35;48;2;112;44;27m▀[38;2;26;10;7;48;2;22;9;7m▀                [38;2;26;10;7;48;2;22;9;7m▀[38;2;134;55;35;48;2;112;44;27m▀[38;2;255;232;214;48;2;255;185;150m▀[38;2;255;210;184;48;2;255;232;214m▀[38;2;255;179;142;48;2;255;202;173m▀[38;2;255;148;105;48;2;255;170;130m▀[38;2;255;118;70;48;2;255;137;93m▀[38;2;221;100;61;48;2;241;111;66m▀[38;2;189;83;53;48;2;207;93;57m▀[38;2;150;64;40;48;2;170;74;47m▀[38;2;113;45;28;48;2;131;54;34m▀[38;2;82;31;19;48;2;95;36;22m▀[38;2;55;21;14;48;2;66;25;16m▀[38;2;34;13;9;48;2;42;16;11m▀[38;2;18;8;6;48;2;23;9;7m▀             [0m
             [38;2;23;9;7;48;2;56;21;14m▀[38;2;33;13;9;48;2;90;34;21m▀[38;2;51;19;13;48;2;122;49;31m▀[38;2;72;27;17;48;2;150;64;40m▀[38;2;97;37;22;48;2;176;77;49m▀[38;2;128;52;33;48;2;196;87;55m▀[38;2;162;70;44;48;2;211;95;59m▀[38;2;197;87;55;48;2;225;102;62m▀[38;2;228;104;63;48;2;237;109;65m▀[38;2;255;123;76;48;2;248;114;68m▀[38;2;255;154;112;48;2;255;134;89m▀[38;2;255;201;171;48;2;255;188;155m▀[38;2;255;185;150;48;2;255;199;169m▀[38;2;112;44;27;48;2;255;138;94m▀[38;2;74;28;17;48;2;255;143;99m▀[38;2;75;28;18;48;2;255;147;104m▀[38;2;76;29;18;48;2;255;150;108m▀[38;2;77;29;18;48;2;255;153;111m▀[38;2;77;29;18;48;2;255;155;114m▀[38;2;78;29;18;48;2;255;158;117m▀[38;2;79;30;18;48;2;255;160;119m▀[38;2;79;30;19;48;2;255;162;121m▀[38;2;80;30;19;48;2;255;164;123m▀[38;2;80;30;19;48;2;255;165;126m▀[38;2;81;30;19;48;2;255;167;128m▀[38;2;81;31;19;48;2;255;169;130m▀[38;2;82;31;19;48;2;255;171;132m▀[38;2;82;31;19;48;2;255;172;133m▀[38;2;83;31;19;48;2;255;173;135m▀[38;2;83;31;19;48;2;255;174;136m▀▀[38;2;83;31;19;48;2;255;174;135m▀[38;2;112;44;27;48;2;255;172;134m▀[38;2;255;185;150;48;2;255;232;214m▀[38;2;255;232;214;48;2;255;210;184m▀[38;2;255;202;173;48;2;255;179;142m▀[38;2;255;170;130;48;2;255;156;114m▀[38;2;255;137;93;48;2;255;148;105m▀[38;2;241;111;66;48;2;255;138;93m▀[38;2;207;93;57;48;2;255;126;79m▀[38;2;170;74;47;48;2;247;114;68m▀[38;2;131;54;34;48;2;227;103;63m▀[38;2;95;36;22;48;2;202;91;56m▀[38;2;66;25;16;48;2;170;74;47m▀[38;2;42;16;11;48;2;126;51;32m▀[38;2;27;11;8;48;2;76;29;18m▀             [0m
             [38;2;64;24;15;48;2;41;16;11m▀[38;2;105;41;25;48;2;62;24;15m▀[38;2;143;60;38;48;2;81;31;19m▀[38;2;178;78;49;48;2;98;37;23m▀[38;2;203;91;56;48;2;114;45;28m▀[38;2;224;102;62;48;2;129;53;33m▀[38;2;242;111;67;48;2;142;59;37m▀[38;2;255;121;74;48;2;153;65;41m▀[38;2;255;133;88;48;2;163;70;44m▀[38;2;255;144;101;48;2;172;75;47m▀[38;2;255;154;112;48;2;182;80;51m▀[38;2;255;162;121;48;2;248;114;68m▀[38;2;255;220;197;48;2;255;232;214m▀[38;2;255;175;137;48;2;250;116;69m▀[38;2;255;180;144;48;2;199;89;55m▀[38;2;255;185;150;48;2;202;90;56m▀[38;2;255;188;155;48;2;204;91;57m▀[38;2;255;192;159;48;2;206;93;57m▀[38;2;255;195;163;48;2;208;94;58m▀[38;2;255;197;167;48;2;210;95;58m▀[38;2;255;200;170;48;2;212;95;59m▀[38;2;255;202;173;48;2;213;96;59m▀[38;2;255;204;176;48;2;214;97;59m▀[38;2;255;206;179;48;2;216;98;60m▀[38;2;255;208;182;48;2;217;98;60m▀[38;2;255;210;185;48;2;219;99;61m▀[38;2;255;212;187;48;2;220;100;61m▀[38;2;255;214;189;48;2;221;100;61m▀[38;2;255;215;191;48;2;222;101;61m▀[38;2;255;216;192;48;2;222;101;61m▀▀[38;2;255;215;192;48;2;222;101;61m▀[38;2;255;214;190;48;2;250;116;69m▀[38;2;255;220;197;48;2;255;232;214m▀[38;2;255;207;181;48;2;248;114;68m▀[38;2;255;202;173;48;2;215;97;59m▀[38;2;255;195;164;48;2;208;94;58m▀[38;2;255;186;151;48;2;202;91;56m▀[38;2;255;174;136;48;2;195;87;54m▀[38;2;255;160;119;48;2;186;82;52m▀[38;2;255;143;99;48;2;171;75;47m▀[38;2;255;122;75;48;2;154;66;41m▀[38;2;231;106;64;48;2;134;56;35m▀[38;2;197;88;55;48;2;111;43;27m▀[38;2;149;63;40;48;2;84;31;19m▀[38;2;87;33;20;48;2;53;20;13m▀             [0m
                 [38;2;19;8;6;48;2;14;6;5m▀[38;2;28;11;8;48;2;14;6;5m▀[38;2;41;16;11;48;2;16;7;5m▀[38;2;56;21;14;48;2;22;9;7m▀[38;2;73;28;17;48;2;32;13;9m▀[38;2;92;35;21;48;2;43;17;11m▀[38;2;113;45;28;48;2;56;21;14m▀[38;2;173;76;48;48;2;89;33;21m▀[38;2;255;211;186;48;2;255;144;100m▀[38;2;255;185;150;48;2;255;231;212m▀[38;2;134;55;35;48;2;250;116;69m▀[38;2;30;12;8;48;2;77;29;18m▀[38;2;15;6;5;48;2;22;9;7m▀[38;2;14;6;5;48;2;15;6;5m▀          [38;2;14;6;5;48;2;15;6;5m▀[38;2;15;6;5;48;2;22;9;7m▀[38;2;30;12;8;48;2;77;29;18m▀[38;2;134;55;35;48;2;250;116;69m▀[38;2;255;185;150;48;2;255;231;212m▀[38;2;255;211;186;48;2;255;144;100m▀[38;2;173;76;48;48;2;89;33;21m▀[38;2;139;58;36;48;2;66;25;16m▀[38;2;114;45;28;48;2;51;19;13m▀[38;2;90;34;21;48;2;37;14;10m▀[38;2;69;26;16;48;2;25;10;7m▀[38;2;50;19;12;48;2;16;7;5m▀[38;2;33;13;9;48;2;14;6;5m▀[38;2;20;8;6;48;2;14;6;5m▀                 [0m
                       [38;2;18;7;6;48;2;14;6;5m▀[38;2;40;15;10;48;2;20;8;6m▀[38;2;173;76;48;48;2;68;26;16m▀[38;2;255;201;171;48;2;229;104;63m▀[38;2;255;210;185;48;2;255;220;198m▀[38;2;206;92;57;48;2;255;199;169m▀[38;2;64;24;15;48;2;206;92;57m▀[38;2;22;9;7;48;2;77;29;18m▀[38;2;15;6;5;48;2;30;12;8m▀[38;2;14;6;5;48;2;18;7;6m▀[38;2;14;6;5;48;2;15;6;5m▀    [38;2;14;6;5;48;2;15;6;5m▀[38;2;14;6;5;48;2;18;7;6m▀[38;2;15;6;5;48;2;30;12;8m▀[38;2;22;9;7;48;2;77;29;18m▀[38;2;64;24;15;48;2;206;92;57m▀[38;2;206;92;57;48;2;255;199;169m▀[38;2;255;210;185;48;2;255;220;198m▀[38;2;255;201;171;48;2;229;104;63m▀[38;2;173;76;48;48;2;68;26;16m▀[38;2;40;15;10;48;2;20;8;6m▀[38;2;19;8;6;48;2;14;6;5m▀                       [0m
                        [38;2;15;6;5;48;2;14;6;5m▀[38;2;25;10;7;48;2;15;6;5m▀[38;2;89;33;21;48;2;28;11;8m▀[38;2;248;114;68;48;2;89;33;21m▀[38;2;255;220;198;48;2;229;104;63m▀[38;2;255;210;185;48;2;255;201;171m▀[38;2;250;116;69;48;2;255;231;212m▀[38;2;134;55;35;48;2;255;185;150m▀[38;2;64;24;15;48;2;250;116;69m▀[38;2;36;14;10;48;2;184;81;51m▀[38;2;26;10;7;48;2;134;55;35m▀[38;2;22;9;7;48;2;112;44;27m▀▀[38;2;26;10;7;48;2;134;55;35m▀[38;2;36;14;10;48;2;184;81;51m▀[38;2;64;24;15;48;2;250;116;69m▀[38;2;134;55;35;48;2;255;185;150m▀[38;2;250;116;69;48;2;255;231;212m▀[38;2;255;210;185;48;2;255;201;171m▀[38;2;255;220;198;48;2;229;104;63m▀[38;2;248;114;68;48;2;89;33;21m▀[38;2;89;33;21;48;2;28;11;8m▀[38;2;25;10;7;48;2;15;6;5m▀[38;2;15;6;5;48;2;14;6;5m▀                        [0m
                          [38;2;15;6;5;48;2;14;6;5m▀[38;2;25;10;7;48;2;15;6;5m▀[38;2;68;26;16;48;2;20;8;6m▀[38;2;173;76;48;48;2;40;15;10m▀[38;2;255;144;100;48;2;89;33;21m▀[38;2;255;211;186;48;2;173;76;48m▀[38;2;255;232;214;48;2;248;114;68m▀[38;2;255;220;197;48;2;255;160;119m▀[38;2;255;199;169;48;2;255;188;155m▀[38;2;255;185;150;48;2;255;201;171m▀▀[38;2;255;199;169;48;2;255;188;155m▀[38;2;255;220;197;48;2;255;160;119m▀[38;2;255;232;214;48;2;248;114;68m▀[38;2;255;211;186;48;2;173;76;48m▀[38;2;255;144;100;48;2;89;33;21m▀[38;2;173;76;48;48;2;40;15;10m▀[38;2;68;26;16;48;2;20;8;6m▀[38;2;25;10;7;48;2;15;6;5m▀[38;2;15;6;5;48;2;14;6;5m▀                          [0m
                             [38;2;16;7;5;48;2;14;6;5m▀[38;2;21;9;7;48;2;14;6;5m▀[38;2;35;14;9;48;2;15;6;5m▀[38;2;59;23;14;48;2;17;7;6m▀[38;2;89;33;21;48;2;20;8;6m▀[38;2;118;47;29;48;2;23;9;7m▀[38;2;212;95;59;48;2;219;99;61m▀▀[38;2;118;47;29;48;2;23;9;7m▀[38;2;89;33;21;48;2;20;8;6m▀[38;2;59;23;14;48;2;17;7;6m▀[38;2;35;14;9;48;2;15;6;5m▀[38;2;21;9;7;48;2;14;6;5m▀[38;2;16;7;5;48;2;14;6;5m▀                             [0m
                                   [38;2;212;96;59;48;2;198;88;55m▀▀                                   [0m
                                  [38;2;14;6;5;48;2;18;7;6m▀[38;2;178;78;49;48;2;150;64;40m▀▀[38;2;14;6;5;48;2;18;7;6m▀                                  [0m
                                  [38;2;38;15;10;48;2;42;16;11m▀[38;2;120;48;30;48;2;90;34;21m▀▀[38;2;38;15;10;48;2;42;16;11m▀                                  [0m
                                  [38;2;36;14;10;48;2;23;9;7m▀[38;2;60;23;15;48;2;30;12;8m▀▀[38;2;36;14;10;48;2;23;9;7m▀                                  [0m