                         [38;2;34;13;9;48;2;73;27;17m▀▀                         [0m
                         [38;2;109;42;26;48;2;142;59;37m▀▀                         [0m
                         [38;2;165;71;45;48;2;171;75;47m▀▀                         [0m
                    [38;2;14;6;5;48;2;16;7;5m▀[38;2;14;6;5;48;2;34;13;9m▀[38;2;16;7;5;48;2;92;35;21m▀[38;2;23;9;7;48;2;193;86;54m▀[38;2;34;13;9;48;2;255;125;78m▀[38;2;140;59;37;48;2;255;156;114m▀▀[38;2;34;13;9;48;2;255;125;78m▀[38;2;23;9;7;48;2;193;86;54m▀[38;2;16;7;5;48;2;92;35;21m▀[38;2;14;6;5;48;2;34;13;9m▀[38;2;14;6;5;48;2;16;7;5m▀                    [0m
                  [38;2;14;6;5;48;2;20;8;6m▀[38;2;20;8;6;48;2;92;35;21m▀[38;2;71;27;17;48;2;255;156;114m▀[38;2;227;104;63;48;2;255;230;211m▀[38;2;255;207;180;48;2;255;133;87m▀[38;2;255;230;211;48;2;139;58;36m▀[38;2;255;196;166;48;2;69;26;16m▀[38;2;255;167;128;48;2;48;18;12m▀▀[38;2;255;196;166;48;2;69;26;16m▀[38;2;255;230;211;48;2;139;58;36m▀[38;2;255;207;180;48;2;255;133;87m▀[38;2;227;104;63;48;2;255;230;211m▀[38;2;71;27;17;48;2;255;156;114m▀[38;2;20;8;6;48;2;92;35;21m▀[38;2;14;6;5;48;2;20;8;6m▀                  [0m
                [38;2;14;6;5;48;2;21;9;6m▀[38;2;16;7;5;48;2;34;13;9m▀[38;2;71;27;17;48;2;227;104;63m▀[38;2;255;156;114;48;2;255;230;211m▀[38;2;255;218;194;48;2;188;83;52m▀[38;2;188;83;52;48;2;33;13;9m▀[38;2;48;18;12;48;2;15;6;5m▀[38;2;19;8;6;48;2;14;6;5m▀[38;2;15;6;5;48;2;14;6;5m▀  [38;2;15;6;5;48;2;14;6;5m▀[38;2;19;8;6;48;2;14;6;5m▀[38;2;48;18;12;48;2;15;6;5m▀[38;2;188;83;52;48;2;33;13;9m▀[38;2;255;218;194;48;2;188;83;52m▀[38;2;255;156;114;48;2;255;230;211m▀[38;2;71;27;17;48;2;227;104;63m▀[38;2;16;7;5;48;2;35;14;9m▀[38;2;14;6;5;48;2;23;9;7m▀                [0m
           [38;2;14;6;5;48;2;21;9;6m▀[38;2;14;6;5;48;2;38;15;10m▀[38;2;22;9;7;48;2;62;23;15m▀[38;2;37;15;10;48;2;90;34;21m▀[38;2;57;22;14;48;2;126;51;32m▀[38;2;80;30;19;48;2;165;71;45m▀[38;2;106;41;25;48;2;202;90;56m▀[38;2;255;207;180;48;2;255;230;211m▀[38;2;255;133;87;48;2;139;58;36m▀[38;2;48;18;12;48;2;19;8;6m▀[38;2;15;6;5;48;2;14;6;5m▀        [38;2;15;6;5;48;2;14;6;5m▀[38;2;48;18;12;48;2;19;8;6m▀[38;2;255;133;87;48;2;139;58;36m▀[38;2;255;207;180;48;2;255;230;211m▀[38;2;127;52;32;48;2;236;108;65m▀[38;2;96;36;22;48;2;200;89;56m▀[38;2;69;26;16;48;2;159;68;43m▀[38;2;45;17;11;48;2;116;46;29m▀[38;2;25;10;7;48;2;78;29;18m▀[38;2;14;6;5;48;2;47;18;12m▀[38;2;14;6;5;48;2;24;10;7m▀           [0m
         [38;2;14;6;5;48;2;17;7;6m▀[38;2;23;9;7;48;2;33;13;9m▀[38;2;43;17;11;48;2;58;22;14m▀[38;2;70;27;17;48;2;91;34;21m▀[38;2;104;40;25;48;2;132;55;34m▀[38;2;146;62;39;48;2;181;80;50m▀[38;2;192;85;54;48;2;224;102;62m▀[38;2;232;106;64;48;2;255;132;86m▀[38;2;255;135;90;48;2;255;174;136m▀[38;2;255;196;166;48;2;255;167;128m▀[38;2;69;26;16;48;2;48;18;12m▀[38;2;15;6;5;48;2;14;6;5m▀          [38;2;15;6;5;48;2;14;6;5m▀[38;2;69;26;16;48;2;48;18;12m▀[38;2;255;217;194;48;2;255;167;128m▀[38;2;255;178;140;48;2;255;224;202m▀[38;2;255;138;93;48;2;255;178;141m▀[38;2;233;106;64;48;2;255;134;89m▀[38;2;189;84;53;48;2;224;102;62m▀[38;2;138;57;36;48;2;176;77;49m▀[38;2;91;34;21;48;2;122;49;31m▀[38;2;55;21;13;48;2;76;29;18m▀[38;2;27;11;8;48;2;42;16;11m▀[38;2;14;6;5;48;2;18;8;6m▀         [0m
         [38;2;27;11;8;48;2;50;19;13m▀[38;2;49;19;12;48;2;112;44;27m▀[38;2;67;25;16;48;2;167;72;46m▀[38;2;91;34;21;48;2;207;93;58m▀[38;2;132;55;34;48;2;238;109;66m▀[38;2;181;80;50;48;2;255;126;79m▀[38;2;224;102;62;48;2;255;144;100m▀[38;2;255;132;86;48;2;255;159;119m▀[38;2;255;174;136;48;2;255;172;134m▀[38;2;255;167;128;48;2;255;196;166m▀[38;2;145;61;38;48;2;255;191;158m▀[38;2;149;63;40;48;2;255;198;168m▀[38;2;152;65;41;48;2;255;203;175m▀[38;2;155;66;42;48;2;255;208;181m▀[38;2;157;67;42;48;2;255;212;187m▀[38;2;159;68;43;48;2;255;215;191m▀[38;2;161;69;44;48;2;255;218;196m▀[38;2;163;70;44;48;2;255;222;200m▀[38;2;165;71;45;48;2;255;225;204m▀[38;2;166;72;45;48;2;255;227;208m▀[38;2;168;73;46;48;2;255;230;211m▀[38;2;169;73;46;48;2;255;231;213m▀[38;2;169;73;46;48;2;255;232;213m▀[38;2;168;73;46;48;2;255;230;212m▀[38;2;255;167;128;48;2;255;227;207m▀[38;2;255;224;202;48;2;255;221;199m▀[38;2;255;178;141;48;2;255;212;187m▀[38;2;255;134;89;48;2;255;199;169m▀[38;2;224;102;62;48;2;255;182;146m▀[38;2;176;77;49;48;2;255;158;117m▀[38;2;122;49;31;48;2;255;128;82m▀[38;2;89;33;21;48;2;222;101;61m▀[38;2;65;25;15;48;2;159;68;43m▀[38;2;33;13;9;48;2;68;26;16m▀         [0m
         [38;2;34;13;9;48;2;14;6;5m▀[38;2;67;25;16;48;2;14;6;5m▀[38;2;94;35;22;48;2;14;6;5m▀[38;2;119;48;30;48;2;14;6;5m▀[38;2;140;59;37;48;2;22;9;7m▀[38;2;159;68;43;48;2;37;15;10m▀[38;2;174;76;48;48;2;57;22;14m▀[38;2;187;83;52;48;2;80;30;19m▀[38;2;202;90;56;48;2;106;41;25m▀[38;2;255;230;211;48;2;255;207;180m▀[38;2;208;93;58;48;2;255;133;87m▀[38;2;212;96;59;48;2;48;18;12m▀[38;2;216;98;60;48;2;15;6;5m▀[38;2;219;99;61;48;2;14;6;5m▀[38;2;222;101;61;48;2;14;6;5m▀[38;2;224;102;62;48;2;14;6;5m▀[38;2;226;103;62;48;2;14;6;5m▀[38;2;228;104;63;48;2;14;6;5m▀[38;2;230;105;64;48;2;14;6;5m▀[38;2;232;106;64;48;2;14;6;5m▀[38;2;234;107;64;48;2;14;6;5m▀[38;2;235;107;65;48;2;15;6;5m▀[38;2;235;107;65;48;2;48;18;12m▀[38;2;234;107;65;48;2;255;133;87m▀[38;2;255;230;211;48;2;255;207;180m▀[38;2;236;108;65;48;2;127;52;32m▀[38;2;222;101;61;48;2;96;36;22m▀[38;2;213;96;59;48;2;69;26;16m▀[38;2;202;90;56;48;2;45;17;11m▀[38;2;186;82;52;48;2;25;10;7m▀[38;2;161;69;44;48;2;14;6;5m▀[38;2;129;53;33;48;2;14;6;5m▀[38;2;90;34;21;48;2;14;6;5m▀[38;2;43;17;11;48;2;14;6;5m▀         [0m
                [38;2;21;9;6;48;2;14;6;5m▀[38;2;34;13;9;48;2;16;7;5m▀[38;2;227;104;63;48;2;71;27;17m▀[38;2;255;230;211;48;2;255;156;114m▀[38;2;188;83;52;48;2;255;218;194m▀[38;2;33;13;9;48;2;188;83;52m▀[38;2;15;6;5;48;2;48;18;12m▀[38;2;14;6;5;48;2;19;8;6m▀[38;2;14;6;5;48;2;15;6;5m▀  [38;2;14;6;5;48;2;15;6;5m▀[38;2;14;6;5;48;2;19;8;6m▀[38;2;15;6;5;48;2;48;18;12m▀[38;2;33;13;9;48;2;188;83;52m▀[38;2;188;83;52;48;2;255;218;194m▀[38;2;255;230;211;48;2;255;156;114m▀[38;2;227;104;63;48;2;71;27;17m▀[38;2;35;14;9;48;2;16;7;5m▀[38;2;23;9;7;48;2;14;6;5m▀                [0m
                  [38;2;20;8;6;48;2;14;6;5m▀[38;2;92;35;21;48;2;20;8;6m▀[38;2;255;156;114;48;2;71;27;17m▀[38;2;255;230;211;48;2;227;104;63m▀[38;2;255;133;87;48;2;255;207;180m▀[38;2;139;58;36;48;2;255;230;211m▀[38;2;69;26;16;48;2;255;196;166m▀[38;2;48;18;12;48;2;255;167;128m▀▀[38;2;69;26;16;48;2;255;196;166m▀[38;2;139;58;36;48;2;255;230;211m▀[38;2;255;133;87;48;2;255;207;180m▀[38;2;255;230;211;48;2;227;104;63m▀[38;2;255;156;114;48;2;71;27;17m▀[38;2;92;35;21;48;2;20;8;6m▀[38;2;20;8;6;48;2;14;6;5m▀                  [0m
                    [38;2;16;7;5;48;2;14;6;5m▀[38;2;34;13;9;48;2;14;6;5m▀[38;2;92;35;21;48;2;16;7;5m▀[38;2;193;86;54;48;2;23;9;7m▀[38;2;255;125;78;48;2;34;13;9m▀[38;2;255;156;114;48;2;140;59;37m▀▀[38;2;255;125;78;48;2;34;13;9m▀[38;2;193;86;54;48;2;23;9;7m▀[38;2;92;35;21;48;2;16;7;5m▀[38;2;34;13;9;48;2;14;6;5m▀[38;2;16;7;5;48;2;14;6;5m▀                    [0m
                         [38;2;171;75;47;48;2;165;71;45m▀▀                         [0m
                         [38;2;142;59;37;48;2;109;42;26m▀▀                         [0m
                         [38;2;73;27;17;48;2;34;13;9m▀▀                         [0m